; District 3

SECTOR
DISTRICT 3
NUMBER 1
COLOR #ffff00
LABEL 1160 1050 1
1136 1056
1136 1054
1139 1054
1139 1048
1136 1048
1136 1036
1152 1036
1152 1038
1158 1038
1158 1042
1167 1042
1167 1064 ;NE
1149 1064
1149 1058
1148 1058
1148 1056
END

SECTOR
DISTRICT 3
NUMBER 2
COLOR #ffff00
LABEL 1123 1053 2
1110 1054
1110 1052
1111 1052
1111 1048
1115 1048
1115 1047
1128 1047
1128 1048
1139 1048
1139 1054
1110 1054
END

SECTOR
DISTRICT 3
NUMBER 3
COLOR #ffff00
LABEL 1129 1060 3
1122 1068
1122 1054
1136 1054
1136 1056
1143 1056
1143 1058
1140 1058
1140 1064
1135 1064
1135 1066
1136 1066
1136 1068
1122 1068
END

SECTOR
DISTRICT 3
NUMBER 4
COLOR #ffff00
LABEL 1115 1065 4
1105 1072
1105 1056
1109 1056
1109 1054
1122 1054
1122 1072
1105 1072
END

SECTOR
DISTRICT 3
NUMBER 5
COLOR #ffff00
LABEL 1128 1079 5
1116 1083
1116 1072
1122 1072
1122 1068
1136 1068
1136 1069
1137 1069
1137 1072
1139 1072
1139 1079
1135 1079
1135 1080
1133 1080
1133 1081
1127 1081
1127 1083
1116 1083
END

SECTOR
DISTRICT 3
NUMBER 6
COLOR #ffff00
LABEL 1134 1043 6
1115 1047
1115 1040
1136 1040
1136 1048
1128 1048
1128 1047
1115 1047
END

SECTOR
DISTRICT 3
NUMBER 7
COLOR #ffff00
LABEL 1126 1035 7
1115 1040
1115 1034
1107 1034
1107 1026
1130 1026
1130 1034
1136 1034
1136 1040
1115 1040
END

SECTOR
DISTRICT 3
NUMBER 8
COLOR #ffff00
LABEL 1108 1013 8
1100 1026
1100 1007
1101 1007
1101 1005
1113 1005
1113 1026
1099 1026
END

SECTOR
DISTRICT 3
NUMBER 9
COLOR #ffff00
LABEL 1099 1045 9
1097 1048
1097 1026
1107 1026
1107 1034
1115 1034
1115 1048
1097 1048
END

SECTOR
DISTRICT 3
NUMBER 10
COLOR #ffff00
LABEL 1083 1020 10
1079 1024
1079 990
1081 990
1081 985
1101 985
1101 1007
1100 1007
1100 1024
1079 1024
END

SECTOR
DISTRICT 3
NUMBER 11
COLOR #ffff00
LABEL 1077 976 11
1062 1008
1062 990 ;4
1061 990
1061 988 ;3
1060 988 ;2
1060 985
1059 985
1059 983 ;
1058 983
1058 979
1063 979
1063 977
1063 976 ;5
1063 967
1083 967
1083 985
1081 985
1081 990
1079 990
1079 1008
1062 1008
END

; District 2

SECTOR
DISTRICT 2
NUMBER 9
COLOR #ffff00
LABEL 1025 979 9
1024 961 ; SW
1024 981 ; conflict with d1
1041 981
1041 979
1046 979
1046 961
END

SECTOR
DISTRICT 2
NUMBER 6
COLOR #ffff00
LABEL 1022 952 6
1021 961 ;NW
1021 941 ;SW
1037 941 ;SE
1037 946 ;
1040 949
1040 954
1041 954
1041 961 ;NE
END

SECTOR
DISTRICT 2
NUMBER 7
COLOR #ffff00
LABEL 1069 954 7
1040 950
1050 950
1050 948
1074 948
1074 967
1067 967
1063 967
1063 976
1063 979
1056 979
1046 979
1046 961
1041 961
1041 954
1040 954
END

SECTOR
DISTRICT 2
NUMBER 8
COLOR #ffff00
LABEL 1051 1004 8
1033 1005
1062 1005
1062 990
1061 990
1061 988
1060 988
1060 985
1059 985
1059 983
1058 983
1058 979
1041 979
1041 981
1040 981
1040 988
1036 988
1036 995
1035 995
1035 997
1034 997
1034 999
1033 999
END

SECTOR
DISTRICT 2
NUMBER 5
COLOR #ffff00
LABEL 1022 941 5
1021 941
1021 932
1020 932
1020 923
1043 923
1043 927
1037 941
END

SECTOR
DISTRICT 2
NUMBER 1
COLOR #ffff00
LABEL 1007 920 1
1018 923 ;NE
1010 923
1010 921
999 921
999 896
1018 896
END

SECTOR
DISTRICT 2
NUMBER 2
COLOR #ffff00
LABEL 1020 923 2
1018 923
1025 923
1025 908
1018 908
END

SECTOR
DISTRICT 2
NUMBER 4
COLOR #ffff00
LABEL 1035 918 4
1025 923
1025 908
1041 908
1041 923
END

SECTOR
DISTRICT 2
NUMBER 10
COLOR #ffff00
LABEL 1050 942 10
1040 950
1040 949
1037 946
1037 941
1043 927
1057 927
1057 948
1050 948
1050 950
END

SECTOR
DISTRICT 2
NUMBER 3
COLOR #ffff00
LABEL 1034 902 3
1018 908
1018 895
1040 895
1040 908
END

; District 1

SECTOR
DISTRICT 1
NUMBER 1
COLOR #ffff00
LABEL 983 1009 1
981 1010
981 996
996 996
996 1010
981 1010
END

SECTOR
DISTRICT 1
NUMBER 2
COLOR #ffff00
LABEL 997 1012 2
996 1012
996 1004
1013 1004
1022 1012
996 1012
END

SECTOR
DISTRICT 1
NUMBER 3
COLOR #ffff00
LABEL 1011 1001 3
1010 1001
1010 993
1017 993
1031 1007
1041 1007
1041 1014
1024 1014
1022 1012 ; extra
1013 1004 ; extra
1010 1001
END

SECTOR
DISTRICT 1
NUMBER 4
COLOR #ffff00
LABEL 1024 997 4
1017 993
1017 991
1032 991
1032 990
1036 990
1036 995
1035 995
1035 997
1034 997
1034 999
1033 999
1033 1007
1031 1007
1017 993
END

SECTOR
DISTRICT 1
NUMBER 5
COLOR #ffff00
LABEL 1027 991 5
1026 991
1026 981
1040 981
1040 988
1036 988
1036 990
1032 990
1032 991
1026 991
END

SECTOR
DISTRICT 1
NUMBER 6
COLOR #ffff00
LABEL 1018 991 6
1017 991
1017 976
1024 976
1024 981
1026 981
1026 991
1017 991
END

SECTOR
DISTRICT 1
NUMBER 7
COLOR #ffff00
LABEL 1002 993 7
1001 993
1001 978
1017 978
1017 993
1001 993
END

SECTOR
DISTRICT 1
NUMBER 8
COLOR #ffff00
LABEL 997 1004 8
996 1004
996 993
1010 993
1010 1001
1013 1004
996 1004
END

SECTOR
DISTRICT 1
NUMBER 9
COLOR #ffff00
LABEL 1003 1037 9
1002 1038
1002 1031
1010 1023
1017 1023
1017 1038
1002 1038
END

SECTOR
DISTRICT 1
NUMBER 10
COLOR #ffff00
LABEL 990 1037 10
989 1038
989 1025
996 1025
1002 1031
1002 1038
989 1038
END

SECTOR
DISTRICT 1
NUMBER 11
COLOR #ffff00
LABEL 990 1023 11
989 1025
989 1010
996 1010
996 1012
1004 1012
1004 1017
996 1025
989 1025
END

SECTOR
DISTRICT 1
NUMBER 12
COLOR #ffff00
LABEL 1002 1028 12
1002 1031
996 1025
1004 1017
1010 1023
1002 1031
END

SECTOR
DISTRICT 1
NUMBER 13
COLOR #ffff00
LABEL 1005 1017 13
1004 1017
1004 1012
1017 1012
1017 1023
1010 1023
1004 1017
END

; District 4

SECTOR
DISTRICT 4
NUMBER EDEN
COLOR #ffff00
LABEL 466 1721 EDEN
465 1721
465 1714
478 1714
478 1721
465 1721
END

SECTOR
DISTRICT 4
NUMBER 1
COLOR #ffff00
LABEL 460 1714 1
459 1714
459 1709
472 1709
472 1714
459 1714
END

SECTOR
DISTRICT 4
NUMBER 2
COLOR #ffff00
LABEL 473 1714 2
472 1714
472 1709
481 1709
481 1714
472 1714
END

SECTOR
DISTRICT 4
NUMBER 3
COLOR #ffff00
LABEL 465 1709 3
464 1709
464 1704
472 1704
472 1709
464 1709
END

SECTOR
DISTRICT 4
NUMBER 4
COLOR #ffff00
LABEL 473 1709 4
472 1709
472 1704
473 1704
473 1700
477 1700
477 1709
472 1709
END

SECTOR
DISTRICT 4
NUMBER 5
COLOR #ffff00
LABEL 478 1709 5
477 1709
477 1700
482 1700
482 1709
477 1709
END

SECTOR
DISTRICT 4
NUMBER 6
COLOR #ffff00
LABEL 469 1704 6
468 1704
468 1699
473 1699
473 1704
468 1704
END

SECTOR
DISTRICT 4
NUMBER 7
COLOR #ffff00
LABEL 1100 1100 7
1099 1101
1099 1072
1116 1072
1116 1083
1114 1083
1114 1101
1100 1101
END

SECTOR
DISTRICT 4
NUMBER 8
COLOR #ffff00
LABEL 1129 1101 8
1114 1101
1114 1083
1127 1083
1127 1081
1133 1081
1133 1102
1119 1102
1119 1101
1114 1101
END

SECTOR
DISTRICT 4
NUMBER 9
COLOR #ffff00
LABEL 1142 1101 9
1133 1102
1133 1082
1144 1082
1144 1102
1133 1102
END

SECTOR
DISTRICT 4
NUMBER 10
COLOR #ffff00
LABEL 1145 1101 10
;1143 1101
1144 1102
1144 1082
1160 1082
1160 1102
1144 1102
END

SECTOR
DISTRICT 4
NUMBER 13
COLOR #ffff00
LABEL 1146 1075 13
1133 1082
1133 1080
1135 1080
1135 1079
1139 1079
1139 1072
1137 1072
1137 1069
1136 1069
1136 1066
1135 1066
1135 1064
1148 1064
1148 1065
1157 1065
1157 1082
1133 1082
END

SECTOR
DISTRICT 4
NUMBER 11
COLOR #ffff00
LABEL 1171 1100 11
1160 1098
1160 1087
1191 1097
1191 1102
1169 1102
1169 1098
1160 1098
END

SECTOR
DISTRICT 4
NUMBER 12
COLOR #ffff00
LABEL 1175 1084 12
1160 1087
1160 1080
1187 1080
1187 1086
1191 1086
1191 1097
1160 1087
END

SECTOR
DISTRICT 4
NUMBER 14
COLOR #ffff00
LABEL 1144 1114 14
1139 1132
1139 1122
1143 1122
1143 1111
1152 1111
1152 1123
1158 1123
1158 1132
1139 1132
END
